{
 "cells": [
  {
   "cell_type": "code",
   "execution_count": 15,
   "id": "83797719",
   "metadata": {},
   "outputs": [],
   "source": [
    "import numpy as np\n",
    "import numpy.linalg as la"
   ]
  },
  {
   "cell_type": "markdown",
   "id": "e42ab5b8",
   "metadata": {},
   "source": [
    "#### Create Link Matrix"
   ]
  },
  {
   "cell_type": "code",
   "execution_count": 16,
   "id": "9a3f8265",
   "metadata": {},
   "outputs": [
    {
     "data": {
      "text/plain": [
       "array([[0.        , 0.5       , 0.        , 0.        ],\n",
       "       [0.33333333, 0.        , 0.        , 0.5       ],\n",
       "       [0.33333333, 0.        , 0.        , 0.5       ],\n",
       "       [0.33333333, 0.5       , 1.        , 0.        ]])"
      ]
     },
     "execution_count": 16,
     "metadata": {},
     "output_type": "execute_result"
    }
   ],
   "source": [
    "L = np.array([[0,1/2,0,0],[1/3,0,0,1/2],[1/3,0,0,1/2],[1/3,1/2,1,0]])\n",
    "L"
   ]
  },
  {
   "cell_type": "code",
   "execution_count": 8,
   "id": "d1e42a31",
   "metadata": {},
   "outputs": [],
   "source": [
    "#Lets create initial matrix"
   ]
  },
  {
   "cell_type": "code",
   "execution_count": 14,
   "id": "0297a838",
   "metadata": {},
   "outputs": [],
   "source": [
    "r = 100*np.ones(4)/4"
   ]
  },
  {
   "cell_type": "code",
   "execution_count": 10,
   "id": "749754fa",
   "metadata": {},
   "outputs": [],
   "source": [
    "#Loop until we get the required tolerance"
   ]
  },
  {
   "cell_type": "code",
   "execution_count": 17,
   "id": "a81d9ecb",
   "metadata": {},
   "outputs": [
    {
     "name": "stdout",
     "output_type": "stream",
     "text": [
      "[10.41666667 27.08333333 27.08333333 35.41666667]\n",
      "[13.54166667 21.18055556 21.18055556 44.09722222]\n",
      "[10.59027778 26.5625     26.5625     36.28472222]\n",
      "[13.28125    21.6724537  21.6724537  43.37384259]\n",
      "[10.83622685 26.11400463 26.11400463 36.93576389]\n",
      "[13.05700231 22.07995756 22.07995756 42.78308256]\n",
      "[11.03997878 25.74387539 25.74387539 37.47227045]\n",
      "[12.87193769 22.41612815 22.41612815 42.29580601]\n",
      "[11.20806408 25.4385489  25.4385489  37.91483812]\n",
      "[12.71927445 22.69344042 22.69344042 41.89384471]\n",
      "[11.34672021 25.1866805  25.1866805  38.27991878]\n",
      "[12.59334025 22.92219946 22.92219946 41.56226083]\n",
      "[11.46109973 24.9789105  24.9789105  38.58107927]\n",
      "[12.48945525 23.11090621 23.11090621 41.28873232]\n",
      "[11.55545311 24.80751791 24.80751791 38.82951107]\n",
      "[12.40375896 23.26657324 23.26657324 41.06309457]\n",
      "[11.63328662 24.6661336  24.6661336  39.03444618]\n",
      "[12.3330668  23.39498529 23.39498529 40.87696261]\n",
      "[11.69749265 24.54950357 24.54950357 39.20350021]\n",
      "[12.27475179 23.50091432 23.50091432 40.72341957]\n",
      "[11.75045716 24.45329372 24.45329372 39.34295541]\n",
      "[12.22664686 23.58829676 23.58829676 40.59675963]\n",
      "[11.79414838 24.37392877 24.37392877 39.45799409]\n",
      "[12.18696438 23.66037984 23.66037984 40.49227594]\n",
      "[11.83018992 24.30845943 24.30845943 39.55289122]\n",
      "[12.15422972 23.71984225 23.71984225 40.40608579]\n",
      "[11.85992112 24.2544528  24.2544528  39.63117328]\n",
      "[12.1272264  23.76889368 23.76889368 40.33498624]\n",
      "[11.88444684 24.20990192 24.20990192 39.69574932]\n",
      "[12.10495096 23.80935694 23.80935694 40.27633516]\n",
      "[11.90467847 24.17315123 24.17315123 39.74901906]\n",
      "[12.08657562 23.84273569 23.84273569 40.22795301]\n",
      "[11.92136784 24.14283504 24.14283504 39.79296207]\n",
      "[12.07141752 23.87027032 23.87027032 40.18804184]\n",
      "[11.93513516 24.11782676 24.11782676 39.82921132]\n",
      "[12.05891338 23.89298404 23.89298404 40.15511853]\n",
      "[11.94649202 24.09719706 24.09719706 39.85911386]\n",
      "[12.04859853 23.91172094 23.91172094 40.1279596 ]\n",
      "[11.95586047 24.08017931 24.08017931 39.88378092]\n",
      "[12.04008965 23.92717728 23.92717728 40.10555578]\n",
      "[11.96358864 24.06614111 24.06614111 39.90412914]\n",
      "[12.03307056 23.93992745 23.93992745 40.08707455]\n",
      "[11.96996372 24.05456079 24.05456079 39.92091469]\n",
      "[12.0272804  23.95044525 23.95044525 40.07182909]\n",
      "[11.97522263 24.04500801 24.04500801 39.93476135]\n",
      "[12.02250401 23.95912155 23.95912155 40.05925289]\n",
      "[11.97956077 24.03712778 24.03712778 39.94618366]\n",
      "[12.01856389 23.96627875 23.96627875 40.0488786 ]\n",
      "[11.98313938 24.03062726 24.03062726 39.9556061 ]\n",
      "[12.01531363 23.97218284 23.97218284 40.04032069]\n",
      "[11.98609142 24.02526489 24.02526489 39.9633788 ]\n",
      "[12.01263244 23.97705321 23.97705321 40.03326114]\n",
      "[11.9885266  24.02084138 24.02084138 39.96979063]\n",
      "[12.01042069 23.98107085 23.98107085 40.02743761]\n",
      "[11.99053542 24.01719237 24.01719237 39.97507984]\n",
      "[12.00859618 23.98438506 23.98438506 40.0226337 ]\n",
      "[11.99219253 24.01418224 24.01418224 39.97944299]\n",
      "[12.00709112 23.987119   23.987119   40.01867087]\n",
      "[11.9935595  24.01169914 24.01169914 39.98304221]\n",
      "[12.00584957 23.98937427 23.98937427 40.01540188]\n",
      "[11.99468714 24.0096508  24.0096508  39.98601127]\n",
      "[12.0048254  23.99123468 23.99123468 40.01270524]\n",
      "[11.99561734 24.00796109 24.00796109 39.98846048]\n",
      "[12.00398054 23.99276936 23.99276936 40.01048075]\n",
      "[11.99638468 24.00656722 24.00656722 39.99048088]\n",
      "[12.00328361 23.99403533 23.99403533 40.00864572]\n",
      "[11.99701767 24.0054174  24.0054174  39.99214754]\n",
      "[12.0027087  23.99507966 23.99507966 40.00713199]\n",
      "[11.99753983 24.00446889 24.00446889 39.99352239]\n",
      "[12.00223445 23.99594114 23.99594114 40.00588328]\n",
      "[11.99797057 24.00368646 24.00368646 39.99465652]\n",
      "[12.00184323 23.99665178 23.99665178 40.00485321]\n",
      "[11.99832589 24.00304101 24.00304101 39.99559208]\n",
      "[12.00152051 23.997238   23.997238   40.00400348]\n",
      "[11.998619   24.00250858 24.00250858 39.99636384]\n",
      "[12.00125429 23.99772159 23.99772159 40.00330253]\n",
      "[11.99886079 24.00206936 24.00206936 39.99700048]\n",
      "77 number of iterations required for convergenc\n"
     ]
    }
   ],
   "source": [
    "lastR = r\n",
    "r = L @ lastR \n",
    "i = 0\n",
    "while la.norm(lastR-r)>0.01:\n",
    "    lastR = r\n",
    "    r = L @ lastR\n",
    "    i=i+1\n",
    "    print(r)\n",
    "print(f\"{i} number of iterations required for convergenc\")"
   ]
  },
  {
   "cell_type": "code",
   "execution_count": null,
   "id": "832316bf",
   "metadata": {},
   "outputs": [],
   "source": []
  }
 ],
 "metadata": {
  "kernelspec": {
   "display_name": "Python 3 (ipykernel)",
   "language": "python",
   "name": "python3"
  },
  "language_info": {
   "codemirror_mode": {
    "name": "ipython",
    "version": 3
   },
   "file_extension": ".py",
   "mimetype": "text/x-python",
   "name": "python",
   "nbconvert_exporter": "python",
   "pygments_lexer": "ipython3",
   "version": "3.9.7"
  }
 },
 "nbformat": 4,
 "nbformat_minor": 5
}
